0.0000 0.000147
0.7214 0.000155
1.4429 0.000164
2.1643 0.000173
2.8858 0.000181
3.6072 0.000190
4.3287 0.000198
5.0501 0.000206
5.7715 0.000213
6.4930 0.000220
7.2144 0.000227
7.9359 0.000234
8.6573 0.000240
9.3788 0.000246
10.1002 0.000251
10.8216 0.000256
11.5431 0.000261
12.2645 0.000265
12.9860 0.000268
13.7074 0.000271
14.4289 0.000274
15.1503 0.000276
15.8717 0.000278
16.5932 0.000280
17.3146 0.000281
18.0361 0.000281
18.7575 0.000282
19.4790 0.000282
20.2004 0.000281
20.9218 0.000281
21.6433 0.000280
22.3647 0.000279
23.0862 0.000278
23.8076 0.000277
24.5291 0.000275
25.2505 0.000273
25.9719 0.000272
26.6934 0.000270
27.4148 0.000268
28.1363 0.000266
28.8577 0.000264
29.5792 0.000261
30.3006 0.000259
31.0220 0.000257
31.7435 0.000255
32.4649 0.000253
33.1864 0.000250
33.9078 0.000248
34.6293 0.000246
35.3507 0.000244
36.0721 0.000242
36.7936 0.000240
37.5150 0.000238
38.2365 0.000236
38.9579 0.000234
39.6794 0.000232
40.4008 0.000231
41.1222 0.000229
41.8437 0.000228
42.5651 0.000227
43.2866 0.000226
44.0080 0.000225
44.7295 0.000224
45.4509 0.000223
46.1723 0.000223
46.8938 0.000223
47.6152 0.000223
48.3367 0.000223
49.0581 0.000224
49.7796 0.000225
50.5010 0.000226
51.2224 0.000228
51.9439 0.000230
52.6653 0.000232
53.3868 0.000235
54.1082 0.000239
54.8297 0.000243
55.5511 0.000247
56.2725 0.000253
56.9940 0.000259
57.7154 0.000266
58.4369 0.000274
59.1583 0.000282
59.8798 0.000292
60.6012 0.000303
61.3226 0.000315
62.0441 0.000328
62.7655 0.000343
63.4870 0.000359
64.2084 0.000376
64.9299 0.000395
65.6513 0.000415
66.3727 0.000436
67.0942 0.000460
67.8156 0.000484
68.5371 0.000511
69.2585 0.000539
69.9800 0.000568
70.7014 0.000599
71.4228 0.000632
72.1443 0.000666
72.8657 0.000701
73.5872 0.000738
74.3086 0.000776
75.0301 0.000816
75.7515 0.000856
76.4729 0.000898
77.1944 0.000940
77.9158 0.000984
78.6373 0.001028
79.3587 0.001073
80.0802 0.001119
80.8016 0.001164
81.5230 0.001211
82.2445 0.001257
82.9659 0.001303
83.6874 0.001349
84.4088 0.001394
85.1303 0.001439
85.8517 0.001484
86.5731 0.001527
87.2946 0.001570
88.0160 0.001612
88.7375 0.001652
89.4589 0.001691
90.1804 0.001728
90.9018 0.001763
91.6232 0.001797
92.3447 0.001829
93.0661 0.001859
93.7876 0.001887
94.5090 0.001912
95.2305 0.001935
95.9519 0.001956
96.6733 0.001975
97.3948 0.001991
98.1162 0.002005
98.8377 0.002016
99.5591 0.002025
100.2806 0.002032
101.0020 0.002036
101.7234 0.002038
102.4449 0.002038
103.1663 0.002036
103.8878 0.002032
104.6092 0.002026
105.3307 0.002018
106.0521 0.002009
106.7735 0.001998
107.4950 0.001986
108.2164 0.001972
108.9379 0.001958
109.6593 0.001943
110.3808 0.001926
111.1022 0.001910
111.8236 0.001893
112.5451 0.001875
113.2665 0.001858
113.9880 0.001841
114.7094 0.001824
115.4309 0.001807
116.1523 0.001791
116.8737 0.001776
117.5952 0.001762
118.3166 0.001749
119.0381 0.001737
119.7595 0.001727
120.4810 0.001718
121.2024 0.001710
121.9238 0.001705
122.6453 0.001701
123.3667 0.001699
124.0882 0.001700
124.8096 0.001702
125.5311 0.001707
126.2525 0.001714
126.9739 0.001723
127.6954 0.001735
128.4168 0.001749
129.1383 0.001766
129.8597 0.001786
130.5812 0.001809
131.3026 0.001835
132.0240 0.001863
132.7455 0.001895
133.4669 0.001931
134.1884 0.001970
134.9098 0.002013
135.6313 0.002060
136.3527 0.002111
137.0741 0.002167
137.7956 0.002228
138.5170 0.002293
139.2385 0.002364
139.9599 0.002441
140.6814 0.002525
141.4028 0.002614
142.1242 0.002711
142.8457 0.002815
143.5671 0.002926
144.2886 0.003046
145.0100 0.003174
145.7315 0.003311
146.4529 0.003457
147.1743 0.003613
147.8958 0.003779
148.6172 0.003955
149.3387 0.004142
150.0601 0.004340
150.7816 0.004548
151.5030 0.004769
152.2244 0.005001
152.9459 0.005244
153.6673 0.005499
154.3888 0.005766
155.1102 0.006045
155.8317 0.006335
156.5531 0.006637
157.2745 0.006949
157.9960 0.007273
158.7174 0.007607
159.4389 0.007951
160.1603 0.008303
160.8818 0.008665
161.6032 0.009034
162.3246 0.009409
163.0461 0.009790
163.7675 0.010175
164.4890 0.010564
165.2104 0.010954
165.9319 0.011344
166.6533 0.011733
167.3747 0.012119
168.0962 0.012500
168.8176 0.012874
169.5391 0.013239
170.2605 0.013594
170.9820 0.013936
171.7034 0.014264
172.4248 0.014574
173.1463 0.014867
173.8677 0.015138
174.5892 0.015388
175.3106 0.015613
176.0321 0.015813
176.7535 0.015986
177.4749 0.016130
178.1964 0.016245
178.9178 0.016329
179.6393 0.016383
180.3607 0.016404
181.0822 0.016393
181.8036 0.016351
182.5251 0.016276
183.2465 0.016171
183.9679 0.016034
184.6894 0.015868
185.4108 0.015673
186.1323 0.015451
186.8537 0.015203
187.5752 0.014932
188.2966 0.014637
189.0180 0.014323
189.7395 0.013990
190.4609 0.013640
191.1824 0.013277
191.9038 0.012902
192.6253 0.012517
193.3467 0.012124
194.0681 0.011726
194.7896 0.011324
195.5110 0.010921
196.2325 0.010518
196.9539 0.010117
197.6754 0.009720
198.3968 0.009327
199.1182 0.008942
199.8397 0.008564
200.5611 0.008195
201.2826 0.007835
202.0040 0.007486
202.7255 0.007149
203.4469 0.006823
204.1683 0.006510
204.8898 0.006209
205.6112 0.005920
206.3327 0.005645
207.0541 0.005382
207.7756 0.005133
208.4970 0.004896
209.2184 0.004671
209.9399 0.004459
210.6613 0.004258
211.3828 0.004070
212.1042 0.003892
212.8257 0.003725
213.5471 0.003569
214.2685 0.003422
214.9900 0.003285
215.7114 0.003158
216.4329 0.003038
217.1543 0.002928
217.8758 0.002825
218.5972 0.002729
219.3186 0.002640
220.0401 0.002559
220.7615 0.002483
221.4830 0.002413
222.2044 0.002349
222.9259 0.002291
223.6473 0.002237
224.3687 0.002189
225.0902 0.002144
225.8116 0.002105
226.5331 0.002069
227.2545 0.002037
227.9760 0.002009
228.6974 0.001984
229.4188 0.001963
230.1403 0.001945
230.8617 0.001930
231.5832 0.001918
232.3046 0.001909
233.0261 0.001903
233.7475 0.001899
234.4689 0.001898
235.1904 0.001899
235.9118 0.001903
236.6333 0.001909
237.3547 0.001917
238.0762 0.001926
238.7976 0.001938
239.5190 0.001951
240.2405 0.001966
240.9619 0.001982
241.6834 0.002000
242.4048 0.002018
243.1263 0.002038
243.8477 0.002058
244.5691 0.002078
245.2906 0.002099
246.0120 0.002120
246.7335 0.002141
247.4549 0.002161
248.1764 0.002181
248.8978 0.002200
249.6192 0.002217
250.3407 0.002234
251.0621 0.002249
251.7836 0.002262
252.5050 0.002273
253.2265 0.002283
253.9479 0.002290
254.6693 0.002294
255.3908 0.002296
256.1122 0.002296
256.8337 0.002292
257.5551 0.002286
258.2766 0.002277
258.9980 0.002265
259.7194 0.002250
260.4409 0.002232
261.1623 0.002211
261.8838 0.002188
262.6052 0.002161
263.3267 0.002133
264.0481 0.002102
264.7695 0.002068
265.4910 0.002033
266.2124 0.001995
266.9339 0.001956
267.6553 0.001916
268.3768 0.001873
269.0982 0.001830
269.8196 0.001786
270.5411 0.001741
271.2625 0.001696
271.9840 0.001650
272.7054 0.001604
273.4269 0.001558
274.1483 0.001512
274.8697 0.001466
275.5912 0.001421
276.3126 0.001376
277.0341 0.001332
277.7555 0.001288
278.4770 0.001245
279.1984 0.001203
279.9198 0.001162
280.6413 0.001121
281.3627 0.001082
282.0842 0.001043
282.8056 0.001005
283.5271 0.000967
284.2485 0.000931
284.9699 0.000895
285.6914 0.000860
286.4128 0.000826
287.1343 0.000792
287.8557 0.000760
288.5772 0.000727
289.2986 0.000696
290.0200 0.000665
290.7415 0.000635
291.4629 0.000606
292.1844 0.000578
292.9058 0.000550
293.6273 0.000523
294.3487 0.000497
295.0701 0.000471
295.7916 0.000447
296.5130 0.000423
297.2345 0.000401
297.9559 0.000379
298.6774 0.000359
299.3988 0.000339
300.1202 0.000320
300.8417 0.000303
301.5631 0.000286
302.2846 0.000271
303.0060 0.000256
303.7275 0.000242
304.4489 0.000230
305.1703 0.000218
305.8918 0.000207
306.6132 0.000198
307.3347 0.000189
308.0561 0.000180
308.7776 0.000173
309.4990 0.000166
310.2204 0.000160
310.9419 0.000155
311.6633 0.000150
312.3848 0.000146
313.1062 0.000142
313.8277 0.000139
314.5491 0.000136
315.2705 0.000133
315.9920 0.000131
316.7134 0.000130
317.4349 0.000128
318.1563 0.000127
318.8778 0.000126
319.5992 0.000126
320.3206 0.000125
321.0421 0.000125
321.7635 0.000125
322.4850 0.000125
323.2064 0.000125
323.9279 0.000126
324.6493 0.000126
325.3707 0.000127
326.0922 0.000128
326.8136 0.000129
327.5351 0.000130
328.2565 0.000131
328.9780 0.000132
329.6994 0.000133
330.4208 0.000135
331.1423 0.000136
331.8637 0.000138
332.5852 0.000140
333.3066 0.000141
334.0281 0.000143
334.7495 0.000145
335.4709 0.000147
336.1924 0.000149
336.9138 0.000151
337.6353 0.000153
338.3567 0.000155
339.0782 0.000156
339.7996 0.000158
340.5210 0.000160
341.2425 0.000161
341.9639 0.000162
342.6854 0.000163
343.4068 0.000164
344.1283 0.000165
344.8497 0.000165
345.5711 0.000165
346.2926 0.000165
347.0140 0.000164
347.7355 0.000164
348.4569 0.000162
349.1784 0.000161
349.8998 0.000159
350.6212 0.000157
351.3427 0.000154
352.0641 0.000151
352.7856 0.000148
353.5070 0.000144
354.2285 0.000140
354.9499 0.000136
355.6713 0.000132
356.3928 0.000127
357.1142 0.000122
357.8357 0.000117
358.5571 0.000111
359.2786 0.000106
360.0000 0.000100
