0.0000 0.000148
0.7214 0.000155
1.4429 0.000163
2.1643 0.000171
2.8858 0.000179
3.6072 0.000187
4.3287 0.000194
5.0501 0.000202
5.7715 0.000209
6.4930 0.000216
7.2144 0.000223
7.9359 0.000230
8.6573 0.000236
9.3788 0.000243
10.1002 0.000248
10.8216 0.000254
11.5431 0.000259
12.2645 0.000264
12.9860 0.000268
13.7074 0.000273
14.4289 0.000276
15.1503 0.000280
15.8717 0.000283
16.5932 0.000286
17.3146 0.000289
18.0361 0.000291
18.7575 0.000293
19.4790 0.000295
20.2004 0.000297
20.9218 0.000299
21.6433 0.000300
22.3647 0.000302
23.0862 0.000303
23.8076 0.000305
24.5291 0.000307
25.2505 0.000308
25.9719 0.000310
26.6934 0.000312
27.4148 0.000315
28.1363 0.000317
28.8577 0.000320
29.5792 0.000324
30.3006 0.000327
31.0220 0.000331
31.7435 0.000336
32.4649 0.000341
33.1864 0.000347
33.9078 0.000353
34.6293 0.000360
35.3507 0.000367
36.0721 0.000375
36.7936 0.000384
37.5150 0.000393
38.2365 0.000403
38.9579 0.000414
39.6794 0.000426
40.4008 0.000438
41.1222 0.000451
41.8437 0.000465
42.5651 0.000480
43.2866 0.000495
44.0080 0.000511
44.7295 0.000529
45.4509 0.000546
46.1723 0.000565
46.8938 0.000585
47.6152 0.000605
48.3367 0.000626
49.0581 0.000648
49.7796 0.000670
50.5010 0.000694
51.2224 0.000718
51.9439 0.000743
52.6653 0.000768
53.3868 0.000794
54.1082 0.000821
54.8297 0.000848
55.5511 0.000876
56.2725 0.000904
56.9940 0.000933
57.7154 0.000962
58.4369 0.000992
59.1583 0.001022
59.8798 0.001052
60.6012 0.001082
61.3226 0.001112
62.0441 0.001143
62.7655 0.001173
63.4870 0.001203
64.2084 0.001234
64.9299 0.001263
65.6513 0.001293
66.3727 0.001322
67.0942 0.001350
67.8156 0.001378
68.5371 0.001406
69.2585 0.001432
69.9800 0.001458
70.7014 0.001483
71.4228 0.001507
72.1443 0.001530
72.8657 0.001552
73.5872 0.001573
74.3086 0.001592
75.0301 0.001611
75.7515 0.001628
76.4729 0.001645
77.1944 0.001660
77.9158 0.001674
78.6373 0.001686
79.3587 0.001698
80.0802 0.001708
80.8016 0.001718
81.5230 0.001726
82.2445 0.001733
82.9659 0.001739
83.6874 0.001745
84.4088 0.001749
85.1303 0.001753
85.8517 0.001756
86.5731 0.001759
87.2946 0.001761
88.0160 0.001762
88.7375 0.001763
89.4589 0.001764
90.1804 0.001765
90.9018 0.001765
91.6232 0.001765
92.3447 0.001765
93.0661 0.001765
93.7876 0.001765
94.5090 0.001766
95.2305 0.001766
95.9519 0.001766
96.6733 0.001767
97.3948 0.001767
98.1162 0.001768
98.8377 0.001769
99.5591 0.001770
100.2806 0.001772
101.0020 0.001773
101.7234 0.001775
102.4449 0.001777
103.1663 0.001779
103.8878 0.001781
104.6092 0.001784
105.3307 0.001786
106.0521 0.001789
106.7735 0.001792
107.4950 0.001794
108.2164 0.001797
108.9379 0.001800
109.6593 0.001803
110.3808 0.001806
111.1022 0.001809
111.8236 0.001812
112.5451 0.001815
113.2665 0.001818
113.9880 0.001821
114.7094 0.001825
115.4309 0.001828
116.1523 0.001832
116.8737 0.001836
117.5952 0.001840
118.3166 0.001844
119.0381 0.001848
119.7595 0.001854
120.4810 0.001859
121.2024 0.001865
121.9238 0.001872
122.6453 0.001879
123.3667 0.001887
124.0882 0.001896
124.8096 0.001906
125.5311 0.001917
126.2525 0.001929
126.9739 0.001943
127.6954 0.001958
128.4168 0.001975
129.1383 0.001993
129.8597 0.002013
130.5812 0.002035
131.3026 0.002060
132.0240 0.002087
132.7455 0.002116
133.4669 0.002148
134.1884 0.002183
134.9098 0.002221
135.6313 0.002263
136.3527 0.002308
137.0741 0.002357
137.7956 0.002409
138.5170 0.002467
139.2385 0.002528
139.9599 0.002594
140.6814 0.002666
141.4028 0.002742
142.1242 0.002824
142.8457 0.002912
143.5671 0.003005
144.2886 0.003105
145.0100 0.003211
145.7315 0.003324
146.4529 0.003444
147.1743 0.003571
147.8958 0.003705
148.6172 0.003847
149.3387 0.003996
150.0601 0.004153
150.7816 0.004318
151.5030 0.004491
152.2244 0.004671
152.9459 0.004859
153.6673 0.005055
154.3888 0.005259
155.1102 0.005470
155.8317 0.005689
156.5531 0.005914
157.2745 0.006146
157.9960 0.006384
158.7174 0.006627
159.4389 0.006876
160.1603 0.007129
160.8818 0.007386
161.6032 0.007647
162.3246 0.007910
163.0461 0.008174
163.7675 0.008439
164.4890 0.008703
165.2104 0.008966
165.9319 0.009227
166.6533 0.009485
167.3747 0.009738
168.0962 0.009985
168.8176 0.010226
169.5391 0.010458
170.2605 0.010682
170.9820 0.010896
171.7034 0.011098
172.4248 0.011289
173.1463 0.011466
173.8677 0.011629
174.5892 0.011777
175.3106 0.011909
176.0321 0.012025
176.7535 0.012124
177.4749 0.012204
178.1964 0.012267
178.9178 0.012311
179.6393 0.012336
180.3607 0.012342
181.0822 0.012329
181.8036 0.012298
182.5251 0.012247
183.2465 0.012179
183.9679 0.012092
184.6894 0.011987
185.4108 0.011866
186.1323 0.011728
186.8537 0.011575
187.5752 0.011407
188.2966 0.011225
189.0180 0.011031
189.7395 0.010825
190.4609 0.010608
191.1824 0.010381
191.9038 0.010146
192.6253 0.009904
193.3467 0.009656
194.0681 0.009402
194.7896 0.009144
195.5110 0.008884
196.2325 0.008622
196.9539 0.008359
197.6754 0.008096
198.3968 0.007835
199.1182 0.007575
199.8397 0.007319
200.5611 0.007066
201.2826 0.006818
202.0040 0.006574
202.7255 0.006337
203.4469 0.006105
204.1683 0.005880
204.8898 0.005663
205.6112 0.005452
206.3327 0.005250
207.0541 0.005055
207.7756 0.004868
208.4970 0.004689
209.2184 0.004519
209.9399 0.004357
210.6613 0.004202
211.3828 0.004056
212.1042 0.003918
212.8257 0.003788
213.5471 0.003666
214.2685 0.003551
214.9900 0.003444
215.7114 0.003343
216.4329 0.003250
217.1543 0.003163
217.8758 0.003082
218.5972 0.003008
219.3186 0.002939
220.0401 0.002876
220.7615 0.002818
221.4830 0.002766
222.2044 0.002718
222.9259 0.002674
223.6473 0.002634
224.3687 0.002599
225.0902 0.002567
225.8116 0.002538
226.5331 0.002513
227.2545 0.002491
227.9760 0.002471
228.6974 0.002454
229.4188 0.002439
230.1403 0.002426
230.8617 0.002415
231.5832 0.002406
232.3046 0.002398
233.0261 0.002392
233.7475 0.002387
234.4689 0.002383
235.1904 0.002381
235.9118 0.002379
236.6333 0.002378
237.3547 0.002378
238.0762 0.002379
238.7976 0.002380
239.5190 0.002382
240.2405 0.002385
240.9619 0.002388
241.6834 0.002392
242.4048 0.002396
243.1263 0.002400
243.8477 0.002405
244.5691 0.002411
245.2906 0.002417
246.0120 0.002423
246.7335 0.002430
247.4549 0.002437
248.1764 0.002445
248.8978 0.002453
249.6192 0.002461
250.3407 0.002470
251.0621 0.002480
251.7836 0.002490
252.5050 0.002501
253.2265 0.002512
253.9479 0.002523
254.6693 0.002536
255.3908 0.002548
256.1122 0.002561
256.8337 0.002575
257.5551 0.002589
258.2766 0.002604
258.9980 0.002619
259.7194 0.002634
260.4409 0.002650
261.1623 0.002666
261.8838 0.002683
262.6052 0.002699
263.3267 0.002716
264.0481 0.002733
264.7695 0.002750
265.4910 0.002767
266.2124 0.002783
266.9339 0.002800
267.6553 0.002816
268.3768 0.002832
269.0982 0.002847
269.8196 0.002861
270.5411 0.002875
271.2625 0.002888
271.9840 0.002900
272.7054 0.002911
273.4269 0.002921
274.1483 0.002930
274.8697 0.002937
275.5912 0.002942
276.3126 0.002946
277.0341 0.002949
277.7555 0.002949
278.4770 0.002947
279.1984 0.002944
279.9198 0.002938
280.6413 0.002930
281.3627 0.002920
282.0842 0.002907
282.8056 0.002892
283.5271 0.002874
284.2485 0.002854
284.9699 0.002831
285.6914 0.002806
286.4128 0.002778
287.1343 0.002747
287.8557 0.002714
288.5772 0.002678
289.2986 0.002640
290.0200 0.002599
290.7415 0.002556
291.4629 0.002511
292.1844 0.002463
292.9058 0.002414
293.6273 0.002362
294.3487 0.002309
295.0701 0.002254
295.7916 0.002197
296.5130 0.002139
297.2345 0.002080
297.9559 0.002019
298.6774 0.001958
299.3988 0.001896
300.1202 0.001834
300.8417 0.001772
301.5631 0.001709
302.2846 0.001646
303.0060 0.001584
303.7275 0.001522
304.4489 0.001460
305.1703 0.001399
305.8918 0.001339
306.6132 0.001280
307.3347 0.001223
308.0561 0.001166
308.7776 0.001111
309.4990 0.001058
310.2204 0.001005
310.9419 0.000955
311.6633 0.000906
312.3848 0.000859
313.1062 0.000814
313.8277 0.000771
314.5491 0.000729
315.2705 0.000689
315.9920 0.000652
316.7134 0.000616
317.4349 0.000582
318.1563 0.000549
318.8778 0.000519
319.5992 0.000490
320.3206 0.000463
321.0421 0.000438
321.7635 0.000414
322.4850 0.000392
323.2064 0.000371
323.9279 0.000352
324.6493 0.000334
325.3707 0.000318
326.0922 0.000303
326.8136 0.000289
327.5351 0.000276
328.2565 0.000264
328.9780 0.000254
329.6994 0.000244
330.4208 0.000235
331.1423 0.000227
331.8637 0.000220
332.5852 0.000214
333.3066 0.000208
334.0281 0.000203
334.7495 0.000198
335.4709 0.000194
336.1924 0.000190
336.9138 0.000187
337.6353 0.000184
338.3567 0.000182
339.0782 0.000180
339.7996 0.000178
340.5210 0.000176
341.2425 0.000174
341.9639 0.000172
342.6854 0.000171
343.4068 0.000169
344.1283 0.000168
344.8497 0.000166
345.5711 0.000164
346.2926 0.000163
347.0140 0.000161
347.7355 0.000159
348.4569 0.000157
349.1784 0.000154
349.8998 0.000152
350.6212 0.000149
351.3427 0.000146
352.0641 0.000143
352.7856 0.000140
353.5070 0.000137
354.2285 0.000133
354.9499 0.000130
355.6713 0.000126
356.3928 0.000122
357.1142 0.000117
357.8357 0.000113
358.5571 0.000109
359.2786 0.000104
360.0000 0.000100
