0.0000 0.000231
0.7214 0.000251
1.4429 0.000272
2.1643 0.000292
2.8858 0.000313
3.6072 0.000333
4.3287 0.000353
5.0501 0.000372
5.7715 0.000391
6.4930 0.000409
7.2144 0.000426
7.9359 0.000442
8.6573 0.000457
9.3788 0.000471
10.1002 0.000483
10.8216 0.000494
11.5431 0.000504
12.2645 0.000512
12.9860 0.000518
13.7074 0.000524
14.4289 0.000527
15.1503 0.000529
15.8717 0.000530
16.5932 0.000529
17.3146 0.000527
18.0361 0.000523
18.7575 0.000518
19.4790 0.000512
20.2004 0.000504
20.9218 0.000495
21.6433 0.000485
22.3647 0.000475
23.0862 0.000463
23.8076 0.000451
24.5291 0.000438
25.2505 0.000424
25.9719 0.000411
26.6934 0.000396
27.4148 0.000382
28.1363 0.000368
28.8577 0.000354
29.5792 0.000340
30.3006 0.000326
31.0220 0.000312
31.7435 0.000298
32.4649 0.000285
33.1864 0.000272
33.9078 0.000260
34.6293 0.000247
35.3507 0.000236
36.0721 0.000224
36.7936 0.000213
37.5150 0.000201
38.2365 0.000191
38.9579 0.000180
39.6794 0.000170
40.4008 0.000160
41.1222 0.000150
41.8437 0.000141
42.5651 0.000132
43.2866 0.000123
44.0080 0.000114
44.7295 0.000106
45.4509 0.000098
46.1723 0.000091
46.8938 0.000084
47.6152 0.000077
48.3367 0.000070
49.0581 0.000064
49.7796 0.000059
50.5010 0.000054
51.2224 0.000049
51.9439 0.000044
52.6653 0.000040
53.3868 0.000036
54.1082 0.000032
54.8297 0.000029
55.5511 0.000026
56.2725 0.000023
56.9940 0.000020
57.7154 0.000018
58.4369 0.000016
59.1583 0.000014
59.8798 0.000012
60.6012 0.000010
61.3226 0.000009
62.0441 0.000008
62.7655 0.000007
63.4870 0.000006
64.2084 0.000005
64.9299 0.000004
65.6513 0.000003
66.3727 0.000003
67.0942 0.000002
67.8156 0.000002
68.5371 0.000002
69.2585 0.000002
69.9800 0.000002
70.7014 0.000001
71.4228 0.000001
72.1443 0.000002
72.8657 0.000002
73.5872 0.000002
74.3086 0.000002
75.0301 0.000003
75.7515 0.000003
76.4729 0.000004
77.1944 0.000004
77.9158 0.000005
78.6373 0.000006
79.3587 0.000007
80.0802 0.000008
80.8016 0.000009
81.5230 0.000010
82.2445 0.000012
82.9659 0.000014
83.6874 0.000015
84.4088 0.000018
85.1303 0.000020
85.8517 0.000022
86.5731 0.000025
87.2946 0.000028
88.0160 0.000032
88.7375 0.000036
89.4589 0.000040
90.1804 0.000045
90.9018 0.000050
91.6232 0.000055
92.3447 0.000062
93.0661 0.000068
93.7876 0.000076
94.5090 0.000084
95.2305 0.000093
95.9519 0.000102
96.6733 0.000113
97.3948 0.000124
98.1162 0.000136
98.8377 0.000149
99.5591 0.000163
100.2806 0.000178
101.0020 0.000194
101.7234 0.000211
102.4449 0.000230
103.1663 0.000249
103.8878 0.000270
104.6092 0.000292
105.3307 0.000316
106.0521 0.000341
106.7735 0.000367
107.4950 0.000395
108.2164 0.000425
108.9379 0.000456
109.6593 0.000489
110.3808 0.000524
111.1022 0.000562
111.8236 0.000601
112.5451 0.000642
113.2665 0.000686
113.9880 0.000733
114.7094 0.000782
115.4309 0.000834
116.1523 0.000889
116.8737 0.000947
117.5952 0.001009
118.3166 0.001074
119.0381 0.001143
119.7595 0.001216
120.4810 0.001293
121.2024 0.001375
121.9238 0.001461
122.6453 0.001552
123.3667 0.001648
124.0882 0.001749
124.8096 0.001855
125.5311 0.001966
126.2525 0.002083
126.9739 0.002206
127.6954 0.002335
128.4168 0.002469
129.1383 0.002610
129.8597 0.002758
130.5812 0.002912
131.3026 0.003072
132.0240 0.003240
132.7455 0.003415
133.4669 0.003597
134.1884 0.003787
134.9098 0.003984
135.6313 0.004189
136.3527 0.004402
137.0741 0.004622
137.7956 0.004850
138.5170 0.005085
139.2385 0.005328
139.9599 0.005577
140.6814 0.005834
141.4028 0.006096
142.1242 0.006363
142.8457 0.006636
143.5671 0.006912
144.2886 0.007192
145.0100 0.007474
145.7315 0.007757
146.4529 0.008040
147.1743 0.008322
147.8958 0.008602
148.6172 0.008879
149.3387 0.009151
150.0601 0.009417
150.7816 0.009676
151.5030 0.009927
152.2244 0.010168
152.9459 0.010398
153.6673 0.010616
154.3888 0.010822
155.1102 0.011013
155.8317 0.011189
156.5531 0.011349
157.2745 0.011492
157.9960 0.011618
158.7174 0.011726
159.4389 0.011815
160.1603 0.011885
160.8818 0.011937
161.6032 0.011970
162.3246 0.011984
163.0461 0.011981
163.7675 0.011960
164.4890 0.011922
165.2104 0.011869
165.9319 0.011802
166.6533 0.011723
167.3747 0.011632
168.0962 0.011531
168.8176 0.011423
169.5391 0.011309
170.2605 0.011191
170.9820 0.011072
171.7034 0.010953
172.4248 0.010836
173.1463 0.010723
173.8677 0.010616
174.5892 0.010517
175.3106 0.010426
176.0321 0.010346
176.7535 0.010278
177.4749 0.010223
178.1964 0.010181
178.9178 0.010152
179.6393 0.010139
180.3607 0.010139
181.0822 0.010154
181.8036 0.010183
182.5251 0.010225
183.2465 0.010281
183.9679 0.010348
184.6894 0.010426
185.4108 0.010514
186.1323 0.010610
186.8537 0.010713
187.5752 0.010822
188.2966 0.010935
189.0180 0.011051
189.7395 0.011167
190.4609 0.011283
191.1824 0.011397
191.9038 0.011507
192.6253 0.011611
193.3467 0.011708
194.0681 0.011797
194.7896 0.011876
195.5110 0.011943
196.2325 0.011998
196.9539 0.012039
197.6754 0.012066
198.3968 0.012076
199.1182 0.012070
199.8397 0.012047
200.5611 0.012006
201.2826 0.011946
202.0040 0.011869
202.7255 0.011772
203.4469 0.011657
204.1683 0.011524
204.8898 0.011373
205.6112 0.011205
206.3327 0.011021
207.0541 0.010821
207.7756 0.010607
208.4970 0.010379
209.2184 0.010139
209.9399 0.009889
210.6613 0.009628
211.3828 0.009360
212.1042 0.009084
212.8257 0.008803
213.5471 0.008518
214.2685 0.008231
214.9900 0.007941
215.7114 0.007652
216.4329 0.007363
217.1543 0.007076
217.8758 0.006791
218.5972 0.006511
219.3186 0.006234
220.0401 0.005963
220.7615 0.005698
221.4830 0.005439
222.2044 0.005187
222.9259 0.004943
223.6473 0.004706
224.3687 0.004476
225.0902 0.004255
225.8116 0.004042
226.5331 0.003837
227.2545 0.003641
227.9760 0.003453
228.6974 0.003273
229.4188 0.003102
230.1403 0.002938
230.8617 0.002783
231.5832 0.002635
232.3046 0.002495
233.0261 0.002362
233.7475 0.002236
234.4689 0.002117
235.1904 0.002005
235.9118 0.001898
236.6333 0.001798
237.3547 0.001703
238.0762 0.001614
238.7976 0.001530
239.5190 0.001450
240.2405 0.001375
240.9619 0.001304
241.6834 0.001236
242.4048 0.001173
243.1263 0.001112
243.8477 0.001055
244.5691 0.001000
245.2906 0.000948
246.0120 0.000899
246.7335 0.000852
247.4549 0.000807
248.1764 0.000763
248.8978 0.000722
249.6192 0.000683
250.3407 0.000645
251.0621 0.000609
251.7836 0.000574
252.5050 0.000541
253.2265 0.000509
253.9479 0.000478
254.6693 0.000449
255.3908 0.000421
256.1122 0.000394
256.8337 0.000368
257.5551 0.000344
258.2766 0.000320
258.9980 0.000298
259.7194 0.000277
260.4409 0.000257
261.1623 0.000237
261.8838 0.000219
262.6052 0.000202
263.3267 0.000186
264.0481 0.000171
264.7695 0.000157
265.4910 0.000143
266.2124 0.000131
266.9339 0.000119
267.6553 0.000108
268.3768 0.000098
269.0982 0.000089
269.8196 0.000081
270.5411 0.000073
271.2625 0.000066
271.9840 0.000060
272.7054 0.000054
273.4269 0.000049
274.1483 0.000044
274.8697 0.000040
275.5912 0.000036
276.3126 0.000033
277.0341 0.000030
277.7555 0.000028
278.4770 0.000025
279.1984 0.000023
279.9198 0.000022
280.6413 0.000020
281.3627 0.000019
282.0842 0.000018
282.8056 0.000017
283.5271 0.000016
284.2485 0.000015
284.9699 0.000014
285.6914 0.000013
286.4128 0.000013
287.1343 0.000012
287.8557 0.000011
288.5772 0.000011
289.2986 0.000011
290.0200 0.000010
290.7415 0.000010
291.4629 0.000009
292.1844 0.000009
292.9058 0.000009
293.6273 0.000008
294.3487 0.000008
295.0701 0.000008
295.7916 0.000007
296.5130 0.000007
297.2345 0.000007
297.9559 0.000007
298.6774 0.000006
299.3988 0.000006
300.1202 0.000006
300.8417 0.000006
301.5631 0.000005
302.2846 0.000005
303.0060 0.000005
303.7275 0.000004
304.4489 0.000004
305.1703 0.000004
305.8918 0.000004
306.6132 0.000004
307.3347 0.000003
308.0561 0.000003
308.7776 0.000003
309.4990 0.000003
310.2204 0.000003
310.9419 0.000004
311.6633 0.000004
312.3848 0.000004
313.1062 0.000005
313.8277 0.000005
314.5491 0.000006
315.2705 0.000007
315.9920 0.000008
316.7134 0.000009
317.4349 0.000010
318.1563 0.000012
318.8778 0.000013
319.5992 0.000015
320.3206 0.000017
321.0421 0.000019
321.7635 0.000022
322.4850 0.000025
323.2064 0.000027
323.9279 0.000031
324.6493 0.000034
325.3707 0.000038
326.0922 0.000042
326.8136 0.000046
327.5351 0.000050
328.2565 0.000055
328.9780 0.000060
329.6994 0.000065
330.4208 0.000070
331.1423 0.000076
331.8637 0.000081
332.5852 0.000087
333.3066 0.000093
334.0281 0.000100
334.7495 0.000106
335.4709 0.000113
336.1924 0.000119
336.9138 0.000126
337.6353 0.000133
338.3567 0.000140
339.0782 0.000147
339.7996 0.000154
340.5210 0.000161
341.2425 0.000168
341.9639 0.000175
342.6854 0.000182
343.4068 0.000189
344.1283 0.000196
344.8497 0.000202
345.5711 0.000209
346.2926 0.000214
347.0140 0.000220
347.7355 0.000225
348.4569 0.000229
349.1784 0.000233
349.8998 0.000235
350.6212 0.000237
351.3427 0.000238
352.0641 0.000237
352.7856 0.000236
353.5070 0.000233
354.2285 0.000230
354.9499 0.000225
355.6713 0.000219
356.3928 0.000212
357.1142 0.000204
357.8357 0.000195
358.5571 0.000185
359.2786 0.000175
360.0000 0.000164
