0.0000 0.000135
0.7214 0.000144
1.4429 0.000154
2.1643 0.000163
2.8858 0.000173
3.6072 0.000183
4.3287 0.000193
5.0501 0.000202
5.7715 0.000212
6.4930 0.000222
7.2144 0.000232
7.9359 0.000241
8.6573 0.000251
9.3788 0.000260
10.1002 0.000269
10.8216 0.000278
11.5431 0.000286
12.2645 0.000295
12.9860 0.000303
13.7074 0.000311
14.4289 0.000319
15.1503 0.000327
15.8717 0.000334
16.5932 0.000341
17.3146 0.000348
18.0361 0.000355
18.7575 0.000362
19.4790 0.000368
20.2004 0.000375
20.9218 0.000381
21.6433 0.000387
22.3647 0.000393
23.0862 0.000399
23.8076 0.000404
24.5291 0.000410
25.2505 0.000415
25.9719 0.000421
26.6934 0.000426
27.4148 0.000431
28.1363 0.000436
28.8577 0.000441
29.5792 0.000446
30.3006 0.000450
31.0220 0.000454
31.7435 0.000459
32.4649 0.000462
33.1864 0.000466
33.9078 0.000469
34.6293 0.000472
35.3507 0.000475
36.0721 0.000478
36.7936 0.000480
37.5150 0.000482
38.2365 0.000483
38.9579 0.000484
39.6794 0.000485
40.4008 0.000486
41.1222 0.000487
41.8437 0.000487
42.5651 0.000487
43.2866 0.000487
44.0080 0.000487
44.7295 0.000487
45.4509 0.000487
46.1723 0.000488
46.8938 0.000488
47.6152 0.000489
48.3367 0.000491
49.0581 0.000492
49.7796 0.000495
50.5010 0.000498
51.2224 0.000502
51.9439 0.000506
52.6653 0.000512
53.3868 0.000518
54.1082 0.000526
54.8297 0.000534
55.5511 0.000544
56.2725 0.000554
56.9940 0.000566
57.7154 0.000579
58.4369 0.000592
59.1583 0.000607
59.8798 0.000623
60.6012 0.000640
61.3226 0.000658
62.0441 0.000677
62.7655 0.000696
63.4870 0.000716
64.2084 0.000737
64.9299 0.000758
65.6513 0.000780
66.3727 0.000803
67.0942 0.000825
67.8156 0.000848
68.5371 0.000871
69.2585 0.000894
69.9800 0.000917
70.7014 0.000940
71.4228 0.000963
72.1443 0.000986
72.8657 0.001008
73.5872 0.001030
74.3086 0.001052
75.0301 0.001073
75.7515 0.001094
76.4729 0.001114
77.1944 0.001134
77.9158 0.001153
78.6373 0.001172
79.3587 0.001190
80.0802 0.001207
80.8016 0.001223
81.5230 0.001239
82.2445 0.001254
82.9659 0.001268
83.6874 0.001281
84.4088 0.001293
85.1303 0.001304
85.8517 0.001315
86.5731 0.001324
87.2946 0.001333
88.0160 0.001341
88.7375 0.001347
89.4589 0.001354
90.1804 0.001359
90.9018 0.001363
91.6232 0.001368
92.3447 0.001371
93.0661 0.001374
93.7876 0.001377
94.5090 0.001380
95.2305 0.001383
95.9519 0.001386
96.6733 0.001389
97.3948 0.001393
98.1162 0.001397
98.8377 0.001402
99.5591 0.001409
100.2806 0.001417
101.0020 0.001426
101.7234 0.001437
102.4449 0.001449
103.1663 0.001464
103.8878 0.001481
104.6092 0.001501
105.3307 0.001523
106.0521 0.001547
106.7735 0.001575
107.4950 0.001606
108.2164 0.001639
108.9379 0.001676
109.6593 0.001716
110.3808 0.001759
111.1022 0.001806
111.8236 0.001856
112.5451 0.001909
113.2665 0.001966
113.9880 0.002026
114.7094 0.002089
115.4309 0.002156
116.1523 0.002225
116.8737 0.002298
117.5952 0.002373
118.3166 0.002451
119.0381 0.002532
119.7595 0.002615
120.4810 0.002701
121.2024 0.002789
121.9238 0.002879
122.6453 0.002971
123.3667 0.003065
124.0882 0.003161
124.8096 0.003258
125.5311 0.003357
126.2525 0.003457
126.9739 0.003559
127.6954 0.003662
128.4168 0.003766
129.1383 0.003871
129.8597 0.003978
130.5812 0.004085
131.3026 0.004194
132.0240 0.004303
132.7455 0.004414
133.4669 0.004526
134.1884 0.004638
134.9098 0.004752
135.6313 0.004867
136.3527 0.004983
137.0741 0.005100
137.7956 0.005219
138.5170 0.005339
139.2385 0.005460
139.9599 0.005582
140.6814 0.005706
141.4028 0.005830
142.1242 0.005956
142.8457 0.006083
143.5671 0.006211
144.2886 0.006340
145.0100 0.006469
145.7315 0.006599
146.4529 0.006729
147.1743 0.006859
147.8958 0.006989
148.6172 0.007117
149.3387 0.007245
150.0601 0.007372
150.7816 0.007497
151.5030 0.007619
152.2244 0.007739
152.9459 0.007856
153.6673 0.007969
154.3888 0.008079
155.1102 0.008184
155.8317 0.008285
156.5531 0.008380
157.2745 0.008470
157.9960 0.008555
158.7174 0.008634
159.4389 0.008707
160.1603 0.008773
160.8818 0.008834
161.6032 0.008888
162.3246 0.008935
163.0461 0.008977
163.7675 0.009012
164.4890 0.009042
165.2104 0.009065
165.9319 0.009084
166.6533 0.009097
167.3747 0.009105
168.0962 0.009109
168.8176 0.009109
169.5391 0.009105
170.2605 0.009098
170.9820 0.009089
171.7034 0.009077
172.4248 0.009063
173.1463 0.009048
173.8677 0.009032
174.5892 0.009015
175.3106 0.008998
176.0321 0.008982
176.7535 0.008966
177.4749 0.008951
178.1964 0.008936
178.9178 0.008923
179.6393 0.008911
180.3607 0.008901
181.0822 0.008892
181.8036 0.008884
182.5251 0.008878
183.2465 0.008872
183.9679 0.008868
184.6894 0.008865
185.4108 0.008862
186.1323 0.008859
186.8537 0.008857
187.5752 0.008854
188.2966 0.008851
189.0180 0.008846
189.7395 0.008840
190.4609 0.008832
191.1824 0.008822
191.9038 0.008809
192.6253 0.008794
193.3467 0.008775
194.0681 0.008753
194.7896 0.008727
195.5110 0.008696
196.2325 0.008661
196.9539 0.008622
197.6754 0.008577
198.3968 0.008528
199.1182 0.008474
199.8397 0.008414
200.5611 0.008350
201.2826 0.008280
202.0040 0.008206
202.7255 0.008127
203.4469 0.008043
204.1683 0.007954
204.8898 0.007861
205.6112 0.007765
206.3327 0.007664
207.0541 0.007561
207.7756 0.007454
208.4970 0.007344
209.2184 0.007232
209.9399 0.007118
210.6613 0.007002
211.3828 0.006884
212.1042 0.006766
212.8257 0.006647
213.5471 0.006527
214.2685 0.006406
214.9900 0.006286
215.7114 0.006165
216.4329 0.006045
217.1543 0.005926
217.8758 0.005807
218.5972 0.005689
219.3186 0.005571
220.0401 0.005455
220.7615 0.005339
221.4830 0.005225
222.2044 0.005111
222.9259 0.004999
223.6473 0.004888
224.3687 0.004778
225.0902 0.004669
225.8116 0.004562
226.5331 0.004456
227.2545 0.004351
227.9760 0.004247
228.6974 0.004145
229.4188 0.004044
230.1403 0.003944
230.8617 0.003846
231.5832 0.003749
232.3046 0.003654
233.0261 0.003560
233.7475 0.003467
234.4689 0.003376
235.1904 0.003287
235.9118 0.003199
236.6333 0.003113
237.3547 0.003029
238.0762 0.002946
238.7976 0.002865
239.5190 0.002786
240.2405 0.002709
240.9619 0.002634
241.6834 0.002561
242.4048 0.002490
243.1263 0.002421
243.8477 0.002355
244.5691 0.002290
245.2906 0.002228
246.0120 0.002168
246.7335 0.002111
247.4549 0.002057
248.1764 0.002004
248.8978 0.001955
249.6192 0.001908
250.3407 0.001864
251.0621 0.001823
251.7836 0.001784
252.5050 0.001748
253.2265 0.001715
253.9479 0.001685
254.6693 0.001657
255.3908 0.001632
256.1122 0.001609
256.8337 0.001588
257.5551 0.001570
258.2766 0.001554
258.9980 0.001539
259.7194 0.001527
260.4409 0.001516
261.1623 0.001507
261.8838 0.001499
262.6052 0.001492
263.3267 0.001486
264.0481 0.001481
264.7695 0.001476
265.4910 0.001471
266.2124 0.001467
266.9339 0.001463
267.6553 0.001458
268.3768 0.001454
269.0982 0.001448
269.8196 0.001442
270.5411 0.001436
271.2625 0.001428
271.9840 0.001419
272.7054 0.001410
273.4269 0.001399
274.1483 0.001386
274.8697 0.001373
275.5912 0.001358
276.3126 0.001342
277.0341 0.001324
277.7555 0.001305
278.4770 0.001285
279.1984 0.001263
279.9198 0.001240
280.6413 0.001216
281.3627 0.001190
282.0842 0.001163
282.8056 0.001135
283.5271 0.001106
284.2485 0.001076
284.9699 0.001046
285.6914 0.001014
286.4128 0.000982
287.1343 0.000949
287.8557 0.000916
288.5772 0.000883
289.2986 0.000849
290.0200 0.000815
290.7415 0.000781
291.4629 0.000748
292.1844 0.000714
292.9058 0.000681
293.6273 0.000648
294.3487 0.000615
295.0701 0.000583
295.7916 0.000552
296.5130 0.000521
297.2345 0.000491
297.9559 0.000462
298.6774 0.000433
299.3988 0.000406
300.1202 0.000379
300.8417 0.000354
301.5631 0.000329
302.2846 0.000306
303.0060 0.000283
303.7275 0.000262
304.4489 0.000242
305.1703 0.000223
305.8918 0.000204
306.6132 0.000187
307.3347 0.000171
308.0561 0.000156
308.7776 0.000143
309.4990 0.000130
310.2204 0.000118
310.9419 0.000106
311.6633 0.000096
312.3848 0.000087
313.1062 0.000078
313.8277 0.000070
314.5491 0.000063
315.2705 0.000057
315.9920 0.000051
316.7134 0.000046
317.4349 0.000041
318.1563 0.000037
318.8778 0.000033
319.5992 0.000030
320.3206 0.000027
321.0421 0.000024
321.7635 0.000022
322.4850 0.000020
323.2064 0.000019
323.9279 0.000017
324.6493 0.000016
325.3707 0.000015
326.0922 0.000015
326.8136 0.000014
327.5351 0.000014
328.2565 0.000014
328.9780 0.000014
329.6994 0.000015
330.4208 0.000015
331.1423 0.000016
331.8637 0.000017
332.5852 0.000018
333.3066 0.000019
334.0281 0.000020
334.7495 0.000022
335.4709 0.000023
336.1924 0.000025
336.9138 0.000027
337.6353 0.000029
338.3567 0.000031
339.0782 0.000033
339.7996 0.000035
340.5210 0.000037
341.2425 0.000040
341.9639 0.000042
342.6854 0.000044
343.4068 0.000047
344.1283 0.000049
344.8497 0.000051
345.5711 0.000054
346.2926 0.000056
347.0140 0.000058
347.7355 0.000060
348.4569 0.000061
349.1784 0.000063
349.8998 0.000064
350.6212 0.000065
351.3427 0.000066
352.0641 0.000067
352.7856 0.000067
353.5070 0.000067
354.2285 0.000067
354.9499 0.000067
355.6713 0.000066
356.3928 0.000065
357.1142 0.000064
357.8357 0.000063
358.5571 0.000061
359.2786 0.000059
360.0000 0.000057
