0.0000 0.000057
0.7214 0.000060
1.4429 0.000062
2.1643 0.000065
2.8858 0.000067
3.6072 0.000069
4.3287 0.000071
5.0501 0.000073
5.7715 0.000075
6.4930 0.000077
7.2144 0.000079
7.9359 0.000080
8.6573 0.000081
9.3788 0.000083
10.1002 0.000084
10.8216 0.000085
11.5431 0.000086
12.2645 0.000086
12.9860 0.000087
13.7074 0.000087
14.4289 0.000088
15.1503 0.000088
15.8717 0.000088
16.5932 0.000089
17.3146 0.000089
18.0361 0.000089
18.7575 0.000089
19.4790 0.000089
20.2004 0.000089
20.9218 0.000090
21.6433 0.000090
22.3647 0.000090
23.0862 0.000091
23.8076 0.000092
24.5291 0.000092
25.2505 0.000093
25.9719 0.000094
26.6934 0.000096
27.4148 0.000097
28.1363 0.000099
28.8577 0.000102
29.5792 0.000104
30.3006 0.000107
31.0220 0.000110
31.7435 0.000114
32.4649 0.000119
33.1864 0.000123
33.9078 0.000129
34.6293 0.000135
35.3507 0.000142
36.0721 0.000149
36.7936 0.000157
37.5150 0.000166
38.2365 0.000176
38.9579 0.000187
39.6794 0.000198
40.4008 0.000211
41.1222 0.000225
41.8437 0.000240
42.5651 0.000256
43.2866 0.000273
44.0080 0.000291
44.7295 0.000311
45.4509 0.000332
46.1723 0.000354
46.8938 0.000377
47.6152 0.000402
48.3367 0.000429
49.0581 0.000456
49.7796 0.000485
50.5010 0.000516
51.2224 0.000548
51.9439 0.000582
52.6653 0.000616
53.3868 0.000653
54.1082 0.000690
54.8297 0.000729
55.5511 0.000770
56.2725 0.000811
56.9940 0.000854
57.7154 0.000898
58.4369 0.000943
59.1583 0.000989
59.8798 0.001036
60.6012 0.001084
61.3226 0.001132
62.0441 0.001182
62.7655 0.001231
63.4870 0.001282
64.2084 0.001332
64.9299 0.001383
65.6513 0.001434
66.3727 0.001485
67.0942 0.001536
67.8156 0.001587
68.5371 0.001638
69.2585 0.001688
69.9800 0.001737
70.7014 0.001786
71.4228 0.001834
72.1443 0.001881
72.8657 0.001927
73.5872 0.001971
74.3086 0.002015
75.0301 0.002057
75.7515 0.002098
76.4729 0.002137
77.1944 0.002175
77.9158 0.002211
78.6373 0.002246
79.3587 0.002278
80.0802 0.002309
80.8016 0.002338
81.5230 0.002365
82.2445 0.002390
82.9659 0.002413
83.6874 0.002434
84.4088 0.002453
85.1303 0.002470
85.8517 0.002486
86.5731 0.002499
87.2946 0.002511
88.0160 0.002521
88.7375 0.002528
89.4589 0.002535
90.1804 0.002539
90.9018 0.002542
91.6232 0.002543
92.3447 0.002543
93.0661 0.002541
93.7876 0.002538
94.5090 0.002533
95.2305 0.002528
95.9519 0.002520
96.6733 0.002512
97.3948 0.002503
98.1162 0.002493
98.8377 0.002482
99.5591 0.002470
100.2806 0.002457
101.0020 0.002443
101.7234 0.002429
102.4449 0.002414
103.1663 0.002399
103.8878 0.002383
104.6092 0.002367
105.3307 0.002351
106.0521 0.002334
106.7735 0.002317
107.4950 0.002300
108.2164 0.002284
108.9379 0.002267
109.6593 0.002250
110.3808 0.002234
111.1022 0.002218
111.8236 0.002202
112.5451 0.002187
113.2665 0.002172
113.9880 0.002158
114.7094 0.002145
115.4309 0.002132
116.1523 0.002120
116.8737 0.002109
117.5952 0.002099
118.3166 0.002090
119.0381 0.002082
119.7595 0.002076
120.4810 0.002071
121.2024 0.002067
121.9238 0.002064
122.6453 0.002063
123.3667 0.002064
124.0882 0.002066
124.8096 0.002071
125.5311 0.002077
126.2525 0.002085
126.9739 0.002095
127.6954 0.002107
128.4168 0.002122
129.1383 0.002138
129.8597 0.002158
130.5812 0.002180
131.3026 0.002205
132.0240 0.002232
132.7455 0.002263
133.4669 0.002297
134.1884 0.002334
134.9098 0.002375
135.6313 0.002419
136.3527 0.002467
137.0741 0.002519
137.7956 0.002575
138.5170 0.002636
139.2385 0.002701
139.9599 0.002771
140.6814 0.002845
141.4028 0.002925
142.1242 0.003011
142.8457 0.003101
143.5671 0.003198
144.2886 0.003301
145.0100 0.003410
145.7315 0.003525
146.4529 0.003647
147.1743 0.003775
147.8958 0.003911
148.6172 0.004053
149.3387 0.004203
150.0601 0.004360
150.7816 0.004524
151.5030 0.004696
152.2244 0.004875
152.9459 0.005061
153.6673 0.005255
154.3888 0.005456
155.1102 0.005664
155.8317 0.005879
156.5531 0.006100
157.2745 0.006327
157.9960 0.006560
158.7174 0.006798
159.4389 0.007041
160.1603 0.007288
160.8818 0.007539
161.6032 0.007793
162.3246 0.008049
163.0461 0.008306
163.7675 0.008563
164.4890 0.008820
165.2104 0.009076
165.9319 0.009329
166.6533 0.009579
167.3747 0.009824
168.0962 0.010064
168.8176 0.010297
169.5391 0.010522
170.2605 0.010739
170.9820 0.010945
171.7034 0.011141
172.4248 0.011325
173.1463 0.011496
173.8677 0.011653
174.5892 0.011796
175.3106 0.011923
176.0321 0.012034
176.7535 0.012129
177.4749 0.012206
178.1964 0.012265
178.9178 0.012307
179.6393 0.012330
180.3607 0.012335
181.0822 0.012322
181.8036 0.012291
182.5251 0.012241
183.2465 0.012174
183.9679 0.012089
184.6894 0.011988
185.4108 0.011870
186.1323 0.011737
186.8537 0.011589
187.5752 0.011427
188.2966 0.011252
189.0180 0.011065
189.7395 0.010867
190.4609 0.010659
191.1824 0.010442
191.9038 0.010217
192.6253 0.009985
193.3467 0.009747
194.0681 0.009505
194.7896 0.009259
195.5110 0.009010
196.2325 0.008760
196.9539 0.008509
197.6754 0.008259
198.3968 0.008009
199.1182 0.007761
199.8397 0.007517
200.5611 0.007275
201.2826 0.007037
202.0040 0.006804
202.7255 0.006576
203.4469 0.006353
204.1683 0.006137
204.8898 0.005926
205.6112 0.005722
206.3327 0.005524
207.0541 0.005334
207.7756 0.005150
208.4970 0.004973
209.2184 0.004803
209.9399 0.004640
210.6613 0.004485
211.3828 0.004336
212.1042 0.004193
212.8257 0.004058
213.5471 0.003929
214.2685 0.003806
214.9900 0.003690
215.7114 0.003580
216.4329 0.003476
217.1543 0.003377
217.8758 0.003284
218.5972 0.003197
219.3186 0.003114
220.0401 0.003037
220.7615 0.002964
221.4830 0.002896
222.2044 0.002833
222.9259 0.002774
223.6473 0.002719
224.3687 0.002669
225.0902 0.002622
225.8116 0.002579
226.5331 0.002539
227.2545 0.002503
227.9760 0.002470
228.6974 0.002440
229.4188 0.002414
230.1403 0.002390
230.8617 0.002369
231.5832 0.002350
232.3046 0.002335
233.0261 0.002321
233.7475 0.002310
234.4689 0.002300
235.1904 0.002293
235.9118 0.002288
236.6333 0.002284
237.3547 0.002282
238.0762 0.002282
238.7976 0.002283
239.5190 0.002285
240.2405 0.002289
240.9619 0.002293
241.6834 0.002299
242.4048 0.002305
243.1263 0.002312
243.8477 0.002320
244.5691 0.002328
245.2906 0.002337
246.0120 0.002347
246.7335 0.002356
247.4549 0.002366
248.1764 0.002376
248.8978 0.002387
249.6192 0.002397
250.3407 0.002407
251.0621 0.002417
251.7836 0.002427
252.5050 0.002436
253.2265 0.002446
253.9479 0.002455
254.6693 0.002463
255.3908 0.002471
256.1122 0.002479
256.8337 0.002486
257.5551 0.002493
258.2766 0.002499
258.9980 0.002504
259.7194 0.002509
260.4409 0.002512
261.1623 0.002515
261.8838 0.002518
262.6052 0.002519
263.3267 0.002520
264.0481 0.002519
264.7695 0.002518
265.4910 0.002516
266.2124 0.002512
266.9339 0.002508
267.6553 0.002502
268.3768 0.002495
269.0982 0.002487
269.8196 0.002478
270.5411 0.002467
271.2625 0.002455
271.9840 0.002442
272.7054 0.002427
273.4269 0.002410
274.1483 0.002392
274.8697 0.002373
275.5912 0.002352
276.3126 0.002330
277.0341 0.002306
277.7555 0.002280
278.4770 0.002253
279.1984 0.002224
279.9198 0.002194
280.6413 0.002163
281.3627 0.002130
282.0842 0.002096
282.8056 0.002060
283.5271 0.002024
284.2485 0.001986
284.9699 0.001947
285.6914 0.001908
286.4128 0.001867
287.1343 0.001826
287.8557 0.001784
288.5772 0.001742
289.2986 0.001699
290.0200 0.001656
290.7415 0.001613
291.4629 0.001569
292.1844 0.001526
292.9058 0.001483
293.6273 0.001440
294.3487 0.001397
295.0701 0.001355
295.7916 0.001313
296.5130 0.001272
297.2345 0.001232
297.9559 0.001192
298.6774 0.001153
299.3988 0.001115
300.1202 0.001078
300.8417 0.001041
301.5631 0.001006
302.2846 0.000972
303.0060 0.000938
303.7275 0.000906
304.4489 0.000875
305.1703 0.000845
305.8918 0.000816
306.6132 0.000789
307.3347 0.000762
308.0561 0.000737
308.7776 0.000712
309.4990 0.000689
310.2204 0.000667
310.9419 0.000646
311.6633 0.000626
312.3848 0.000607
313.1062 0.000588
313.8277 0.000571
314.5491 0.000555
315.2705 0.000540
315.9920 0.000525
316.7134 0.000511
317.4349 0.000498
318.1563 0.000486
318.8778 0.000474
319.5992 0.000463
320.3206 0.000452
321.0421 0.000442
321.7635 0.000433
322.4850 0.000424
323.2064 0.000415
323.9279 0.000407
324.6493 0.000399
325.3707 0.000391
326.0922 0.000384
326.8136 0.000377
327.5351 0.000370
328.2565 0.000363
328.9780 0.000357
329.6994 0.000351
330.4208 0.000344
331.1423 0.000338
331.8637 0.000332
332.5852 0.000327
333.3066 0.000321
334.0281 0.000315
334.7495 0.000310
335.4709 0.000304
336.1924 0.000299
336.9138 0.000293
337.6353 0.000288
338.3567 0.000282
339.0782 0.000277
339.7996 0.000272
340.5210 0.000267
341.2425 0.000261
341.9639 0.000256
342.6854 0.000251
343.4068 0.000245
344.1283 0.000240
344.8497 0.000235
345.5711 0.000229
346.2926 0.000224
347.0140 0.000218
347.7355 0.000212
348.4569 0.000207
349.1784 0.000201
349.8998 0.000195
350.6212 0.000189
351.3427 0.000183
352.0641 0.000177
352.7856 0.000171
353.5070 0.000165
354.2285 0.000158
354.9499 0.000152
355.6713 0.000146
356.3928 0.000139
357.1142 0.000133
357.8357 0.000126
358.5571 0.000120
359.2786 0.000114
360.0000 0.000108
